1443.08066425
39.1572917698
9.25437548024
8.4126864228
5.74444051349
2.60321391228
2.03535353535
2.53968253968
1.96078431373
2.06535947712
2.02766798419
2.60465116279
1.80897009967
1.93247588424
3.14285714286
1.73469387755
2.4
6.28571428571
1.83673469388
1.54166666667
3.2
2.30769230769
3.41747572816
17.0
1.8
4.42857142857
3.10526315789
3.0
2.0
3.375
3.36551724138
2.5
8.66850828729
3.14285714286
16.0
3.47826086957
1.83333333333
5.0
18.0
3.0
2.44
1.88392857143
2.66666666667
6.0
3.0
2.23076923077
3.0
3.0
1.66666666667
23.0
3.375
1.5
2.78571428571
2.16666666667
2.54166666667
4.0
2.33333333333
2.21798134012
8.0
2.17647058824
2.8
2.71428571429
6.0
2.625
6.0
3.0
2.79207920792
3.60606060606
8.0
3.25
2.33333333333
4.0
1.96666666667
2.04
2.34090909091
3.5
2.41176470588
2.36
7.0
2.28571428571
3.0625
1.51396648045
3.0
2.66666666667
3.0
16.0
5.33333333333
3.5
2.33333333333
2.5
4.0
6.0
3.77777777778
2.25
2.0
10.0
3.0
3.5
7.64285714286
4.0
3.5
4.0
5.33333333333
5.5
3.0
2.0
5.0
3.55555555556
3.66666666667
2.0
3.5
2.0
2.8
5.0
2.57142857143
2.28571428571
4.0
7.0
6.91666666667
3.0
5.0
2.66666666667
4.33333333333
2.0
49.5
5.33333333333
2.5
2.25
2.5
4.0
3.66666666667
4.5
3.0
5.0
3.0
2.66666666667
4.0
4.0
2.09523809524
4.0
3.15789473684
2.15384615385
3.0
2.31818181818
3.0
5.0
4.0
2.0
4.0
3.0
2.93333333333
3.52941176471
3.0
7.0
4.0
3.5
2.81818181818
2.765625
5.0
2.42857142857
2.44444444444
10.0
3.0
4.0
2.4
2.6
3.0
2.22222222222
3.8
3.04166666667
4.0
10.0
3.0
4.375
2.6
2.5
5.0
2.0
6.0
2.5
6.0
6.0
2.6
5.0
2.0
3.0
4.0
2.33333333333
2.0
3.0
3.41666666667
4.0
2.0
6.0
3.0
3.19047619048
4.0
5.0
7.0
